6380	1538	5944	5929	4554
7212	2123	4053	4491	2967
1780	1101	5272	5425	3014
5627	6148	2608	6378	9966
7551	9421	9541	5615	3264
7260	8807	8343	3145	4872
7496	1907	8656	5310	5165
7533	7545	3540	1670	4065
8600	3517	8729	4964	7636
6075	6895	9869	4574	5573
9322	9329	3686	2092	2407
8865	6026	1783	501	3223
7240	1909	8286	7412	510
3010	1494	54	9853	4427
8508	5506	9498	2086	8175
5631	873	9699	7485	3335
3691	84	1063	5581	3398
3732	2131	3491	3047	480
6823	2874	3028	5161	2431
5832	4737	2827	2917	4239
4706	3021	9972	3974	9452
3932	2454	5955	7345	2171
1293	5672	8571	6965	2462
5926	19	4496	1846	3008
6319	5268	1143	6917	7744
9151	774	4264	8636	7570
6383	1173	2098	8069	6742
1413	687	6504	1572	73
6765	8735	1770	6848	2496
6704	6278	5336	6624	7664
6199	3549	2869	3506	9481
7044	2574	8889	5105	6887
4624	6414	5692	4377	3188
9307	7234	3068	5919	4000
9575	5065	6111	2516	4051
3727	1293	6854	9971	5342
9140	5121	7604	7837	3169
3712	7662	9560	2141	3831
1032	3678	1012	2208	8988
2296	8586	8922	1075	7282
2361	6199	1810	1601	2060
2939	8020	3169	5324	1546
2227	170	5489	5954	7142
1010	3462	6814	6484	4770
2528	2750	1199	3985	7737
8059	9223	7153	2046	6235
1937	3957	2913	1530	4038
9907	280	99	2586	7733
2914	916	9875	8307	1663
8584	6006	4291	1851	125
8660	1091	4273	3005	5209
2431	4994	9968	9805	2400
2037	7317	3853	1598	6497
8604	1381	1494	643	615
4821	9438	8133	8093	7285
3079	5862	380	8078	4775
3233	9336	9233	1056	8814
7528	3706	5970	4307	5092
4365	4730	3762	9405	4585
2522	6832	6985	8370	2851
4442	3222	181	6191	6347
3447	5235	2453	7513	8704
7982	4672	8989	9406	8438
325	2578	7432	1231	8161
3734	5622	1860	6996	8525
5554	9993	8675	6631	907
3954	4199	8265	571	8955
3356	5825	9134	3526	443
2022	1893	8991	8540	746
9855	2914	571	5476	9596
3715	8921	8000	7825	7495
3671	3022	4916	5662	2934
9679	6100	6137	9207	8069
3243	1376	1918	4380	7423
7646	9698	9668	6672	842
8736	1143	8080	6208	724
6016	7451	7082	2779	6665
6871	2372	1481	1488	6464
2256	9536	667	8946	4747
9576	2233	802	6347	1639
5257	180	2322	6191	6495
8935	6775	2998	3886	1176
9306	1995	4278	8642	8400
5118	25	6068	9221	8001
1474	4888	8352	7462	7798
5522	6596	7900	3044	897
7640	9822	5061	8417	6154
1748	1774	6626	2472	3411
5437	4534	2393	9255	9737
2101	5240	3929	8410	7936
7041	1126	6077	5816	5497
8769	4924	7350	2059	1924
1235	6537	3486	6624	741
748	2682	3579	466	6508
718	8899	3526	5078	5919
2817	7491	9254	3327	1015
4243	4909	5705	9700	3787
8251	3335	2908	2312	402
4185	4095	7534	3513	630
4991	1703	6880	5764	1907
6418	4552	4666	1236	1468
4073	6809	2197	6445	2073
9532	1761	3217	6685	4462
8247	1491	1794	2979	3903
5983	7355	1045	3203	386
7290	6309	2383	7519	3856
8316	6978	9887	1159	7247
6424	2338	5067	6846	6369
6005	7571	6165	1051	4063
6585	3653	9960	274	997
894	3464	4208	1365	9674
4188	6282	4885	7556	5903
1717	8057	3431	6560	269
5487	5599	4199	5392	6929
9331	4974	6966	1621	4239
11	2138	9398	5999	8630
4275	6683	7456	2956	4705
5505	8265	787	4707	4402
3053	5850	4078	2495	5793
9831	4838	3306	6692	4390
5300	9296	4564	2474	5970
6167	5415	6214	7358	4668
1907	3912	6223	8440	8242
4107	5318	3683	9076	217
4894	7900	2207	9097	2797
750	331	9634	5065	9624
7074	1577	5566	740	3428
3592	6814	4144	5193	6289
1795	3458	4242	3179	8875
2199	1404	4175	9265	5962
3284	7429	7818	3656	4885
4237	1270	3513	7034	9748
4158	9328	8265	7672	3151
7860	2998	9050	8455	4187
1133	4075	8002	2925	7243
1131	9480	9116	2506	1867
306	3271	8523	1549	2055
9205	3290	9446	3880	6700
5887	6221	3725	6072	8979
3554	2095	9576	2764	732
4655	954	7993	8333	6514
674	5238	3444	8174	8018
9055	2164	9630	6919	2376
6424	7451	5999	4841	4484
1394	4747	8587	8167	1300
1303	2813	1194	4698	855
9737	9029	7530	9037	6568
349	9777	3976	8634	8107
5092	5988	968	864	7190
5252	8802	6975	9295	2047
3837	53	684	3984	4320
5576	5221	9875	833	5295
697	2263	7217	5382	5626
639	3227	9377	3129	5324
6954	4075	8887	8198	2367
2851	1665	7027	3946	2296
7220	2651	653	7676	9788
2557	9352	6827	8371	2014
6	5475	1981	6625	6837
4659	6184	9902	2738	1442
3665	9471	8910	4461	7359
1244	9612	4543	2957	9402
7624	7168	8118	4670	3218
4858	332	2565	7478	8818
2721	3947	9303	3016	4065
9833	5705	2796	7126	1003
7086	6614	9469	9048	9486
7763	9245	9049	4113	2889
7119	4875	2475	5263	7084
4589	7294	229	1195	2887
4053	7750	9613	7068	4725
8885	5309	4571	4684	6239
960	4101	6696	5705	1688
1825	1425	5302	516	6768
3787	5097	6464	7831	2813
1062	3845	4808	5415	7345
8125	4702	1093	7998	4154
4178	3820	4338	1578	9136
6245	5874	2835	1878	4157
5921	2864	1814	1088	137
8240	4309	3478	2726	1921
9931	6755	8190	4757	4560
2457	6881	7241	4995	9370
723	4915	9664	2431	8397
9520	851	5655	3440	6411
4170	5201	4463	1011	2010
2838	6338	8799	6640	554
6785	2251	9195	5187	4686
5299	3749	5343	6205	8057
370	6226	1084	313	3737
395	5559	5934	5705	1363
9997	6309	822	8428	4708
7533	1000	6589	7633	2633
260	8239	9132	492	8410
3775	4144	5001	7809	8868
541	5273	8990	2336	4029
5956	9118	8213	6629	3036
706	7300	274	562	4154
5454	9663	9035	4569	7591
8459	8261	563	225	2692
562	4978	3174	5934	5012
5090	2608	8938	2481	3647
1599	1394	723	5456	8277
8290	7452	3222	5638	3766
6816	8767	5132	6591	8869
8853	8352	4451	1274	4492
89	694	9781	1054	3494
5479	3688	9763	9059	2944
7327	448	6261	2329	5710
5280	9969	1897	6202	6756
7847	7360	3707	4644	2794
302	9074	1092	8030	3038
6200	8473	1208	5709	2758
5626	7876	5530	9769	7217
77	1990	8855	4774	7299
5607	4532	4214	8720	3877
250	3763	932	7101	7420
3197	7488	502	8556	5397
5705	2211	7807	6307	3672
508	3927	2063	6734	7051
1741	3115	2862	3775	7534
1674	4072	3021	2453	9313
9575	3093	1484	1401	5823
5808	2168	9217	1815	9975
9896	1608	7551	3032	6231
8084	1096	9915	4486	8717
1421	142	8051	4957	799
1235	6777	2230	9968	6649
4004	5567	276	4241	1408
2771	1369	2193	1039	380
8999	8915	4244	6413	5894
572	461	7968	8921	1931
7971	2675	4886	2679	9592
2910	4904	7180	1752	9171
3317	7443	3527	4598	1229
9158	1608	7898	3561	1665
7709	8684	970	2524	2675
2389	8074	7645	1260	4239
3972	6320	660	5921	5771
2091	5887	1667	8942	3203
8080	8250	5202	6592	8229
9652	2319	9746	5500	3759
3178	736	7284	4942	5531
5094	6670	8080	1181	4940
9378	5003	7580	6846	3928
329	366	9498	6281	1428
3188	8155	1097	6530	9044
8204	9062	8058	846	4251
3237	5952	888	2499	7830
7281	3969	4855	6371	8031
965	314	7587	6053	3678
7933	6562	2712	237	3879
7128	4848	9285	172	2132
2924	9698	8651	9876	8287
3705	7085	9514	1443	3432
7212	6766	5573	7843	6478
6	8	1226	1435	5176
5936	7689	5105	207	1395
7107	8365	3536	2724	3605
1593	1689	8918	3514	5780
7228	9765	9520	9950	8885
3456	1450	2353	8578	8707
7218	2937	4052	9938	214
3810	3494	6763	6831	7012
27	1066	8516	6106	528
7682	6405	3528	6535	2458
1146	6890	5947	4723	8288
759	7420	5858	6095	7940
3120	8280	4230	8839	4358
7803	3790	50	9278	5941
3415	7740	4272	9593	4049
421	3248	5153	8012	6212
9920	3425	3531	8259	7123
9068	5177	9088	9314	3445
3906	8721	5995	6046	4324
8358	6773	7759	8091	1800
7473	1300	6852	429	5806
3945	1216	1876	8903	2881
1994	5787	2729	1692	751
910	2858	9528	6204	1323
338	4552	8546	9241	298
4345	113	4951	533	1644
848	8285	6609	9232	458
6218	34	453	7446	7951
7282	2465	9245	9808	9372
1507	7181	1981	9373	9275
6078	1114	6609	2130	2456
8515	146	7629	5071	8987
1413	3450	2685	8442	9734
2046	7299	9901	8695	5601
2929	2318	4053	1846	1629
8638	2264	1083	1690	4326
7759	4244	2814	3052	136
2493	388	2920	4611	8115
8373	2201	5631	9117	1747
1902	8510	8755	24	2217
4196	5182	8601	2221	1361
8627	4349	2843	5197	9583
5822	2973	8339	9572	5157
4081	8705	6633	4376	9476
8721	6225	3627	3375	8828
5323	9172	3584	5677	1970
9381	3259	5158	3894	3440
7734	1646	8638	584	8361
3097	8140	1871	9691	439
2150	9827	9456	5440	1352
6601	5458	2978	486	1573
9291	515	9535	2451	3821
7271	5394	4532	8459	5137
8075	2713	4686	6386	6718
2959	8130	9532	9233	4347
8008	2648	3047	7874	6801
2618	4757	3660	7486	2773
3240	1152	1573	2005	3847
3806	4157	3634	36	4254
5748	1917	3154	1814	4252
426	5737	3684	6916	1898
4747	3849	988	7983	5996
2725	8650	7470	5142	9283
9991	2586	6158	4281	2883
738	9369	8637	1681	9031
5843	6340	9910	1675	9300
1073	1574	3438	6136	2468
2714	9258	3748	5604	6139
299	9496	4297	8084	2240
4672	1815	6212	3268	9683
5871	7502	2868	7105	6432
4093	9314	4498	5691	8592
4228	9356	8793	8934	9458
5116	7445	6018	632	1049
5971	4591	4635	5423	6658
9432	8555	1981	5634	4120
2664	3076	5817	6616	7983
6420	5535	718	9964	4817
6814	9102	3670	8824	7298
5940	2384	8260	2331	2373
578	2871	249	9779	4170
20	8627	5712	4793	9226
1349	7494	9563	963	4973
7185	4620	7960	6364	824
3443	7740	784	4229	3104
9614	7658	7316	9984	7051
3169	1030	1992	5692	1917
287	6458	5155	189	9219
8064	9242	7470	8806	4807
5849	2008	4065	9145	4214
7428	6820	6349	8475	4393
3081	4864	8548	4662	2525
5333	9105	414	369	5622
7773	2746	7325	3381	2369
7044	1602	9683	9688	5157
3386	1740	4322	1822	5600
6289	7530	4794	1685	8593
1081	703	861	9832	6823
1929	8042	5464	8835	677
8769	7041	4631	4257	9412
9507	8125	981	8067	6681
8412	6756	7986	8399	6526
7275	7143	834	539	4215
6431	4996	7058	3611	4445
2900	4693	7334	7343	1933
4289	2678	6645	2657	9250
446	3086	228	5755	7480
587	5754	5110	6143	1599
6778	8777	2468	984	9017
4602	5321	5370	5467	1450
2722	4446	3615	3693	3345
4942	504	5986	5924	92
1184	1227	1476	7287	9973
7658	7102	1112	676	8407
592	1969	6622	9418	3470
2097	6995	6106	5422	8929
9914	2045	7630	1662	9324
8061	6058	6639	1354	9506
7966	6069	4974	5538	1872
6337	8076	3805	4399	7779
8690	9205	8698	9905	9405
6541	2045	5287	6507	3609
4739	7409	4171	3245	6052
7314	844	6290	3194	8186
9908	9309	459	4841	6376
7669	3785	6673	412	3609
9817	877	6207	2794	87
8297	5803	2665	3747	1487
5300	3471	274	8723	7732
8910	6	3986	362	8866
4429	2223	9055	5432	735
8470	839	2565	6713	3011
4467	8025	7798	9076	4344
5357	385	4809	4426	7189
4044	7010	3132	1400	3404
6293	6885	8026	5827	6346
2381	257	6893	3388	1651
3793	4623	2418	1499	9486
7922	3107	2100	1197	7755
8241	8940	8479	9024	7844
1578	5733	8846	3229	7128
7951	1206	5776	3918	4131
4018	2773	138	4089	238
3156	1340	5932	2921	9820
5264	8728	7741	273	285
1844	4295	1089	8469	39
59	3428	2162	4632	4802
5275	4315	6931	2483	2639
1610	2578	642	7284	1360
6404	4647	6263	3248	1445
1953	5192	5541	2844	7126
7769	1835	5339	253	5712
1969	1662	527	6410	6893
7362	7106	366	2873	5716
6552	5372	3647	3505	9993
5668	4147	346	5722	1552
2999	1493	4179	253	9786
7496	5	6557	2943	2884
4754	5889	4972	9969	8321
6033	9611	7317	7817	605
4686	2460	6680	5027	5056
115	7886	4423	3249	9685
7810	8004	3652	1939	7698
256	3178	2750	9494	4431
2848	6188	3032	1311	4165
477	7685	7777	7169	1471
449	4580	3032	734	8170
2883	609	5315	3333	8660
1	1857	928	2346	567
4140	753	490	9773	2960
8064	2477	5734	1928	2618
1490	5034	3590	7141	5215
8555	220	9444	5981	7427
7216	9733	6469	879	3901
5278	790	9157	7769	8287
5594	1395	5111	4038	9551
5247	8252	9569	8192	4110
5685	6672	5681	6020	2427
3606	4663	4706	5251	3431
5727	6052	1247	3906	8377
6475	5451	7705	3426	6840
951	1336	9387	7682	7511
5939	142	9011	4824	985
2735	5136	891	3768	2958
5867	739	3855	1828	4228
4149	5866	4562	3509	1066
6833	8942	8040	9758	7023
6249	7826	5134	9214	6785
1564	3424	628	8088	7433
1123	2000	3260	3772	4851
6469	5347	166	7710	121
9771	9089	2427	4412	4927
2972	1140	9366	57	1443
3295	2706	8834	33	3611
2394	3341	8114	5114	4016
4008	953	2425	9643	5501
2503	5676	3230	8555	2454
7281	8689	1754	9003	4091
5147	8732	9295	328	6281
7637	2309	2480	9121	1016
2980	4039	6988	9176	1380
5708	9310	8500	5358	6490
7925	8748	6536	2251	5325
1752	4644	2133	8602	2355
8826	5	2384	7718	2286
8067	359	5058	8756	6952
2391	5270	3640	3047	2864
2670	4582	4497	2502	4072
9431	5299	2954	1590	1769
751	8722	2374	5924	9893
1243	2285	6747	355	7038
3279	6796	1744	4044	1637
1058	3558	5760	4346	9649
3186	4836	3450	9909	5913
2429	1244	5932	97	459
7686	9332	2916	5511	2108
8441	5955	8547	3157	6549
2365	8915	1376	7171	2882
9710	6286	1374	4246	1847
6903	3242	3079	2267	3693
9980	9438	2465	8433	5500
1576	3257	3589	2293	657
2317	9570	1420	7273	7044
427	1220	2605	6120	6180
5345	7746	5852	2890	6659
5650	644	2325	3022	261
4359	8819	8396	7563	7524
8386	5223	9061	2367	6986
3008	8709	9081	1387	1394
6929	5168	6377	6749	608
957	8331	2613	1728	430
2375	8237	6759	468	172
867	5733	1232	5762	5410
4327	2542	6848	1866	2209
5265	3820	8728	1775	7355
1733	4005	7843	224	6565
4510	9560	791	5643	3917
4644	1570	9021	7617	9706
2312	4209	8063	8720	2689
8559	2820	788	1905	9369
2011	9649	6720	4018	3684
5582	7668	192	1397	5516
834	1137	7448	6095	1470
9674	1525	83	6000	9824
4844	8111	2677	5111	4291
701	545	3502	7304	8771
8244	8841	494	1752	9029
92	4041	1402	9877	2428
1202	4122	9079	8019	834
4349	639	2272	7598	751
5915	1245	3034	8796	3389
523	5653	5737	3645	1195
7353	1017	4212	9185	768
4391	75	9513	4529	7883
7003	9139	9415	8336	3456
666	9189	7562	6826	9118
1324	8207	2611	1058	5492
6227	2028	1475	7787	9070
2608	9544	4745	6310	5308
1569	5385	8019	7189	8893
6614	7517	9147	8667	3754
8453	3205	1238	7194	9337
5437	2653	7232	8720	1256
5547	1702	2569	9372	1181
3885	6455	589	5310	7356
8253	8003	8202	4336	887
430	4073	3369	3338	8737
5514	5647	471	1355	8442
4664	8543	2336	4493	5639
1876	2198	6491	8983	5012
2557	9414	3709	4296	6394
8795	3176	7582	8841	2956
7537	5523	1728	2761	1677
8178	1210	8159	8170	249
7214	5029	8561	471	1959
4885	9460	8054	2269	4663
9288	7616	9225	8162	3358
5951	1918	5650	7886	3101
7243	957	349	5401	2113
4130	5135	231	2192	8932
726	737	6287	1637	8118
4218	7860	4942	5223	3178
2713	1964	1431	3311	8443
8930	576	4461	3582	4151
6094	3612	4618	6273	4961
7497	708	7191	3216	8753
2779	1904	8619	3599	3911
3177	769	3621	8700	7
1618	4417	4586	4323	3814
1393	6739	4820	7192	8546
6654	9237	3937	3278	1741
7100	5835	2976	9362	7528
4985	9376	3657	1432	9249
6320	8205	9466	1558	3161
9918	8890	5383	6109	3761
4065	8894	4330	322	7921
4090	9706	9206	7839	693
326	3830	2572	4111	7816
7331	3315	2757	8610	3936
3199	5506	1263	2659	8220
8408	6634	3123	8027	1409
5893	9049	7274	8332	19
9849	203	947	1417	4098
5520	9777	2312	3777	4103
4292	8251	3673	4822	5752
2246	1347	278	3647	542
5453	6856	9558	5515	9252
6931	9276	1780	4446	915
595	3427	9239	1745	9454
7881	7445	7768	2556	844
4695	6551	3564	3618	7357
3019	3048	9406	5152	1423
325	1851	3822	5675	1287
6656	6010	6591	6714	6460
6495	9182	840	353	7631
6437	10000	3044	139	2568
5596	1440	7367	7209	7817
7225	9469	3283	780	3460
449	4474	7528	6128	3687
6493	8608	7981	3714	9632
4168	1026	9591	4290	8695
2766	249	258	1218	3413
7637	3881	851	4900	4803
3151	661	7183	249	2610
3789	207	6415	1989	3919
1285	7227	7657	3684	6385
3553	4721	7935	4801	6182
7369	8464	7416	1491	4010
3159	6103	6806	9014	7944
5786	4359	6755	5571	6275
415	3861	2599	5633	26
5186	9008	1798	8542	7749
315	3154	6370	6954	1473
4576	2340	8813	8892	967
2104	5619	603	1025	9826
7370	4113	4211	5507	6393
3073	471	7916	280	3897
8240	4738	4783	5991	2517
144	679	3356	3754	6578
403	4477	1683	6651	4070
3886	8283	954	7844	2172
1245	2852	6315	4660	3693
1179	7846	5616	6237	8795
6717	5789	1297	2450	7610
7547	7620	7817	8861	2882
8523	3942	1611	7188	5077
2373	5412	8097	6207	6544
7017	3798	8915	1532	3004
9349	4073	1135	9731	1553
1677	6629	1752	2137	7815
6803	6952	9830	4432	9476
319	3426	3250	1989	1322
6313	946	8728	3276	7987
8023	3278	3714	447	3215
9258	8715	8764	6909	2383
9792	8294	304	9839	2797
6219	8890	834	5693	3553
6831	9841	1986	6874	8843
1601	4041	8897	9994	9369
9029	5579	7006	9827	8802
9570	8897	9559	4767	9658
9610	9342	9899	521	9874
9347	9398	4298	6266	9475
7936	1715	9214	286	7943
6721	4002	6238	1128	5501
8169	799	7030	951	9220
4448	2277	177	9483	7079
2345	5709	1526	8852	7194
7330	5296	6075	5073	4345
4618	2134	6846	2376	2675
3917	5512	3814	9673	6151
8921	4221	9347	94	9802
9442	8369	1771	8157	5425
839	1436	5325	444	3702
8694	8609	1840	2815	4426
7175	244	4784	8367	3138
4002	8237	2018	9913	1587
7280	8943	6309	4381	3184
5491	3483	5625	1398	7121
9551	4901	3524	1025	3537
2613	1858	7731	3132	1314
8721	7253	9735	1185	1347
5713	6240	3511	3543	7015
4609	9230	9540	6841	9822
5544	5473	700	3607	2579
7308	1267	4570	958	8157
7205	4331	1403	1936	2943
7428	2581	2133	7048	7081
3286	4661	1538	1383	9062
7177	2380	2486	4803	3434
5307	5197	4968	9453	9768
7014	1500	9849	6803	2459
740	3574	2053	6478	1758
4405	3544	545	5713	7694
4282	662	1441	2557	9279
625	8892	7541	5472	6127
8789	7090	1457	4676	2313
3361	4496	6370	4766	1225
1200	7126	5453	8924	3099
6846	1551	3033	9184	2919
2477	9161	2695	7960	8216
7523	1463	3957	8810	5684
561	5154	2905	7225	983
9780	782	9874	6733	7718
571	8646	737	4505	6692
5475	1307	5651	5647	1200
1375	2645	3104	1560	923
4728	3112	5027	4642	7152
1470	332	6706	4581	243
8416	8984	4038	2699	5946
8746	5170	6920	3271	957
4449	6857	5604	3681	4250
2508	3049	7731	372	8581
1476	3662	5449	9261	1135
1461	8588	7400	2707	1455
1855	8839	1173	2692	5826
8049	960	7485	7847	4082
62	4953	4704	2840	3692
9189	4340	4962	4977	5148
1106	941	778	4226	484
7635	5667	8346	9499	943
8829	7222	9449	1991	4020
5568	3342	4408	8189	1375
2720	5503	3385	3718	6416
3295	8388	2789	2683	3098
6878	8252	1308	5459	6933
7128	6956	8431	1883	2495
5483	4442	2024	7072	5195
2805	9821	793	1629	4459
7038	9507	6863	797	9196
592	6378	7167	4598	1066
3003	5096	7227	3039	4716
2003	4341	863	5778	3840
8235	2405	1137	8096	7332
3348	4232	606	4352	7283
8529	9159	2528	2330	1605
1347	6180	1417	7950	2648
1862	7047	6896	2175	9173
550	3692	9260	7656	123
6915	2120	5440	602	6924
5485	3011	3952	1097	1111
4800	7465	2232	8223	7415
2680	2965	8916	8219	4569
7610	2730	5379	2273	3987
3305	7273	7814	9177	8010
2387	6858	1483	388	8285
595	9738	588	2130	7133
110	2961	7808	1760	1190
6571	8566	7557	9991	9422
7125	9969	4637	8332	5278
7257	8652	123	5525	7550
6696	1430	5475	3454	2863
2013	8677	6115	2436	4002
5589	1381	6278	868	6556
9109	6948	7894	6800	6726
2553	9973	7635	1565	7371
9644	9225	583	4636	4295
379	2140	6226	9325	8364
895	3225	9046	193	2615
6429	1697	4608	5619	9981
2175	6287	102	735	6131
1763	8155	2905	635	7381
3662	6674	9991	6034	303
7670	2834	5522	1930	1425
2410	2240	430	3063	384
6336	133	1556	6624	7995
8312	4567	4049	5835	2817
2910	1645	8048	1987	6951
7834	5533	3453	949	975
7347	872	7010	808	367
9130	6990	8355	4330	4260
9369	2171	5375	1722	1608
8924	6343	5140	5669	6300
9463	5915	9778	8333	1625
9610	1807	3287	4153	2757
2515	9753	1341	7570	1976
557	6676	1095	7485	569
8377	2443	8902	9095	2528
2736	4372	3349	6332	6028
7685	2999	8450	9276	9010
7440	376	3781	5523	9661
1199	7145	9801	37	8044
691	9357	1088	9257	3655
2214	4829	6948	2248	3322
2060	3319	1671	2064	4311
1356	9223	3096	7668	1835
6003	7630	5139	8699	150
536	708	3587	4234	802
8533	8230	6536	1559	3040
7043	2541	7503	7457	8570
8266	4509	9608	5646	6601
1553	8224	586	4526	3458
5872	3114	6491	3721	958
7313	282	1504	6961	1010
392	3526	5469	5360	4952
805	4158	9107	4528	8928
3375	1620	3252	4214	263
3997	5056	8211	9979	4131
3400	8026	4726	5684	6254
8599	8469	2587	1520	9378
5910	5268	4789	3139	6113
8966	6720	9829	6030	2340
2719	4530	309	3879	8387
9145	9744	7994	4710	3109
659	5016	9760	6680	1455
5686	9199	2750	841	562
4173	3993	80	1803	5059
8640	8842	6874	9290	3810
1296	4322	8879	2426	8253
3104	3777	5239	3920	7169
2748	1149	3854	4625	2977
6987	1699	7455	6192	3303
8081	8665	844	4124	9228
4824	9202	7590	205	2412
3852	1012	8041	8378	3447
4848	694	7863	3819	243
2505	7902	4018	5022	4625
697	2595	3475	6005	6295
4441	5615	4336	3501	8754
2627	6901	9690	2388	5279
1174	6796	2523	2014	4488
1920	8892	4309	9857	7257
8175	6863	7071	8840	4562
7947	1619	7018	5479	8513
3810	4463	615	6862	2941
2941	2159	44	8741	1368
1440	948	6253	6651	8307
6049	4419	2085	9378	2197
2181	9329	1841	445	8190
1067	1532	2997	5996	2153
3693	2552	4450	3400	1670
160	1917	3609	8635	2473
446	6013	1472	7864	2200
4218	9529	5824	7039	6530
8186	233	200	4784	7266
5890	5271	4175	5033	8872
9440	1914	3964	4588	4281
5993	3280	1697	6919	8204
5785	5187	7726	7796	1478
5986	3489	5459	6418	7953
2652	7980	5378	7287	513
4662	7337	2710	5823	2520
8252	673	3156	7822	4731
1785	7252	8361	2349	7134
3517	837	3173	9961	2735
4013	7694	5567	8177	2325
4810	2655	6832	3438	7699
467	7125	403	1567	6881
7070	3853	213	7050	3813
1233	7242	3244	1854	7497
8043	1742	7385	1928	9027
659	4662	4629	1779	1644
5910	6558	5329	8325	6611
3669	549	5507	8994	6726
2048	3977	6903	9391	5677
3394	4188	3592	7287	9714
6303	3032	9389	5536	3073
5794	8987	7044	7681	9486
9560	3470	2398	7035	3827
3803	2288	2883	8167	1863
8466	2141	3556	6293	6759
9454	779	3825	7461	7395
203	2627	571	5559	2655
5713	471	4496	3484	8068
6039	1918	35	2683	6826
5903	3635	4935	9407	5188
4270	106	1545	870	4730
2986	6922	4352	747	2625
7341	5830	7516	1047	5151
1394	4029	8514	2574	6728
8982	6811	7892	790	5359
6945	2697	7152	599	7928
8849	9434	3237	5749	3422
4250	8504	9047	9861	3529
1152	4358	4006	9327	3926
9585	3464	2329	7896	6711
8806	5731	6834	6960	4402
6556	5705	4204	3891	2497
9557	3749	8270	6830	8049
6055	8822	337	5768	3532
7191	9846	2729	2535	1868
621	9986	3436	2932	9974
9914	3684	2911	3641	1975
3401	3342	6371	348	2653
1133	3852	1177	1716	5325
8435	9714	9550	1525	7386
3925	9053	3933	9119	2966
7331	9237	9443	5209	4452
8491	9706	2569	8840	5621
8581	8064	4001	882	7161
6839	5686	9348	4215	7889
1415	6889	2663	4982	3609
3766	9206	9339	3604	8512
6770	8313	9063	7589	4352
5158	8141	9081	1203	7147
5672	5661	419	4695	2206
1734	8480	7250	8399	8649
9085	592	1924	7820	3858
9680	3405	7784	7330	5704
4039	8811	6134	273	1856
9814	7496	2361	9211	4217
9598	8791	2182	6550	2455
2263	5639	8777	226	26
3868	7690	1388	3709	7617
9148	6713	1564	2975	9430
38	3972	6958	2005	9519
8246	5040	6653	5664	7903
8440	1111	1583	6309	1300
6376	186	3525	566	4160
9501	5555	7159	6730	8873
4784	9897	607	1973	614
4569	8507	1742	8056	7535
9092	54	9896	4379	3225
7008	6857	9145	2592	9121
9116	4455	6570	3205	1186
4116	2877	2078	949	3599
1854	5941	9659	6011	2497
8457	4817	5042	503	5350
1888	6779	7744	4230	9457
8171	1980	7230	3913	3084
5323	4895	6853	6851	4930
456	9640	2973	797	1541
217	3683	1938	8304	4689
7063	6932	3242	1940	6244
3921	8360	9552	7012	6158
2645	3886	3497	7069	7909
9935	4065	1518	1620	8279
9275	6043	4864	4536	4199
5275	1918	811	3303	6281
4173	3179	7929	2123	4738
2639	3233	8906	8754	4570
6675	9000	8419	7325	2267
2468	4609	5735	5188	5685
7997	7193	5483	6014	5194
1261	2203	5147	4611	8678
1432	895	1337	8079	9021
5855	3670	7722	7262	4080
6741	6915	7891	4049	1309
223	6372	8742	9022	5869
9031	8159	9426	3010	2255
2303	9600	5636	6857	6410
8968	254	7824	9080	3002
6765	7190	8213	7836	437
7017	6391	8584	6567	8834
4257	3241	6266	5935	1594
6349	164	3733	4724	2290
4317	456	3696	6752	6720
9945	6862	4955	4823	9196
4163	3995	4352	4089	5988
3344	6045	5459	9799	117
4735	9565	7959	1864	8829
8378	8213	1166	4655	5139
3692	9553	6983	519	9870
3310	8873	9037	395	196
6611	4048	5891	9647	9511
1601	2026	8179	7101	4427
324	3992	8529	8095	4747
1754	3356	9409	9653	6181
9872	835	954	7331	86
9719	6164	2762	2208	3849
6818	5358	3303	2432	5230
7512	2743	425	5649	1342
3658	6805	442	4879	4758
5439	327	2486	4148	6377
2206	6615	1210	3959	2712
5754	825	9039	5389	1217
518	1341	5405	7485	2707
2274	2811	6510	8329	5475
9649	4606	7168	9014	8171
149	5760	3419	5810	5113
7361	8189	2907	3204	9441
4603	1535	4413	387	203
7434	1667	7230	1210	4919
1119	7976	18	4157	5499
3122	3901	2941	9689	3182
6924	1109	6190	2812	9404
4141	7189	4569	7792	3792
9311	7419	1304	2355	7117
9395	830	8269	473	9433
4946	7524	6015	2348	2373
5931	5353	2110	6435	3214
7843	2119	1563	6849	455
6388	4857	348	2267	5328
8697	935	3204	3656	1459
6148	2310	6783	7115	1670
587	3290	5178	2593	7603
4138	6296	3215	9912	7488
6558	2847	4855	8634	8650
8023	5602	4129	3077	9337
6238	2481	7857	8693	1879
5392	4964	5000	5005	2658
7	1523	6021	8507	9005
8144	8991	4533	3280	3243
2206	3948	8277	3392	6351
7660	2983	3580	3454	8715
9129	2417	9211	8235	1288
1002	9052	2439	8891	3494
8145	7629	20	3986	3626
4336	2186	5022	3513	9608
4572	2097	8119	8497	8052
6323	414	8570	5699	4006
5476	2230	635	6780	9581
4320	4967	4047	2542	3600
3785	6841	165	9437	492
6426	992	7135	5518	5393
5443	7094	4933	6635	563
6354	5339	2317	8843	3403
4898	6023	6003	5457	5104
2609	5428	9713	5830	4860
7655	1508	5516	9838	1430
7652	8916	6906	8076	2456
6170	7285	1625	6142	625
7662	2209	319	9952	8968
4238	718	3483	1726	2065
8127	1932	2386	2182	181
8034	2681	5869	3476	9528
2988	616	5936	9562	7628
720	4223	9211	1250	4327
5780	5739	3917	4655	1606
2597	1818	8773	5967	9480
9044	6118	8142	7226	3770
646	4600	6864	8601	1180
4593	3131	1651	5919	8704
1822	2424	2356	7931	2907
5874	4451	1573	6110	2744
7127	3465	3178	2678	699
9711	4297	6942	7376	9932
2594	3792	8276	2868	600
8833	1449	9030	9111	6673
7138	4052	8981	1260	7896
4506	8022	5063	3378	2040
3166	7507	293	5839	7583
9763	8702	7043	620	5036
7515	6253	5746	579	3598
4915	3184	9989	1816	2645
8262	1344	322	4400	3816
3710	4341	3612	8708	1998
1149	8576	1433	532	4241
7094	285	5791	2630	6482
2071	8179	4793	6220	6451
1065	5818	1913	6238	5324
5746	3941	2969	2974	9196
472	8965	102	6026	8815
3580	4805	9112	7222	7245
5094	1416	1197	1909	8323
7165	279	2246	4648	1375
9544	2956	1615	9370	3145
3261	615	2602	8164	6154
3473	1663	5227	4137	9810
9420	4651	7603	6784	3840
7639	2119	828	6185	1962
7866	782	3869	1105	4005
7164	8831	8538	5286	2440
5058	3345	5579	6794	2287
7651	3235	2715	3659	7660
7927	3728	3876	7903	4262
6321	6667	744	1822	8968
5821	2479	6497	9564	2440
5026	8086	9631	3791	9687
277	9834	9184	6418	8079
962	7765	7607	2917	53
7749	5729	4047	139	8637
4329	750	9792	6432	3200
1228	9464	9847	5612	6971
9307	6604	4563	5128	3
5668	3245	2291	9207	5307
6565	2299	1252	8147	6892
4575	699	1582	6263	6601
7782	7802	9792	1628	2824
74	2348	8334	2069	4190
3724	6509	4109	6795	7079
7627	9830	632	5345	944
6658	3436	7089	5046	8403
833	6648	953	8233	3845
3267	4752	3461	7736	1846
2281	5402	1790	1813	6145
5872	158	936	4088	513
7876	4420	4621	9755	1128
2100	6873	544	6560	2270
5170	4076	4285	3925	2857
8812	5745	4477	4974	9517
3400	8462	7638	8996	8624
4126	8125	5457	1360	3868
79	1578	1931	7051	503
6497	4083	1876	5458	1507
3658	8634	1730	651	3048
3928	8012	6118	3146	7980
4053	8639	1968	1688	6992
8947	3690	9300	8919	5797
430	2887	7637	2302	8316
1814	4742	5395	4097	7098
3793	3403	1480	9271	930
2320	3782	2173	5602	891
2997	2034	7356	1098	4621
2374	2278	3519	7124	430
3379	7709	3953	6176	5636
6825	9649	4526	8991	6429
7183	6432	4724	7404	5501
8962	7011	8274	1368	8139
604	7602	1697	2155	6804
1969	8186	3235	1036	7815
9959	9432	2415	182	4273
2774	9977	7653	4944	5012
4221	6250	5990	86	3079
4196	6576	4974	8517	2354
7345	5280	8784	8040	6509
5735	3723	9476	9806	1071
7443	8657	758	664	5734
1554	264	9832	4897	1643
9223	50	2071	9394	2723
9060	4108	3089	6278	979
2233	1208	742	1682	8280
4454	353	9300	3582	1048
8014	2180	1119	9931	9214
4221	1324	6250	1345	4352
8119	8977	1401	1741	7561
345	1686	8695	2217	3942
9296	5380	3197	3842	2072
4831	12	6595	1135	5120
1839	7130	2956	1205	1714
9259	7005	677	1812	4719
5661	8346	5388	8795	7443
916	8084	3911	1705	6832
5789	4596	3581	2875	8416
4918	366	4294	5676	4537
3555	3355	7067	3634	1668
1943	8865	424	600	1754
4111	4312	5458	4195	8432
8722	5149	9640	6396	6921
7807	1813	8762	4510	5734
6047	9972	5983	4739	8936
3066	7861	3638	3686	6928
1468	4483	9857	7919	6003
1634	3655	5135	4170	6784
6992	100	1133	1206	3497
907	1056	2594	1862	5705
2061	50	6087	9135	6060
806	8166	3551	8267	8619
4573	8872	1413	238	6554
3579	3686	447	9762	8485
6241	11	7328	1408	5940
6481	7924	688	6078	1941
4187	5964	727	820	2364
5815	8770	7536	6671	2160
2807	7365	3446	7883	4781
4613	6603	1959	7134	189
7336	626	9111	8551	1562
1853	4119	67	3076	3891
4335	42	4187	7694	2504
2510	6309	5839	7361	8153
150	3429	6453	5388	2941
3153	6391	8804	4007	6386
7772	4178	9764	8524	8915
7155	3996	4480	407	482
6491	3483	6827	1449	7733
7280	3849	6261	7514	9380
3761	8430	3171	9673	933
3771	2937	363	2753	7959
33	7640	2524	2105	3121
3681	1819	8837	5923	9378
4233	505	9152	6265	606
5912	804	9454	9323	4710
2198	91	2296	1176	9660
5215	704	8910	582	6684
7669	1486	4892	7453	5232
2075	3533	790	2525	9702
6943	4723	2736	8990	9657
5426	1930	3301	7826	5127
5480	4457	883	3716	2676
1558	1320	1805	3509	9344
8920	7349	5464	1864	4493
5819	3786	8007	3633	1963
7510	9339	4177	2487	6151
6222	1887	4313	3698	2040
2938	7042	4085	9905	1967
2960	6720	2222	8051	1975
5630	1767	3312	4247	2807
5236	8464	5974	5524	617
2851	5957	3151	2326	9663
6507	5133	4116	4451	9772
8862	2944	6402	3346	7151
7852	7357	1419	9404	8471
7681	150	545	1213	4486
7724	6520	7508	4845	3459
309	3103	7794	9987	7311
3204	4667	1618	5126	5591
6614	8413	3916	6410	5278
4556	4363	3232	5290	4772
8081	581	3256	6891	6143
2173	6555	18	9485	509
353	5474	513	9082	6024
4018	3288	4733	942	1865
9139	5652	2291	9707	5899
7176	567	4508	2558	4390
4727	4707	8254	2862	5179
6239	7594	8381	9950	5619
7351	4860	5737	5153	1254
6254	3557	1849	6868	9791
9629	260	8701	6820	9343
5233	2839	6062	3419	5124
9755	3794	8588	3350	2310
1238	1464	3092	9874	6698
358	4735	3219	5186	6890
2315	2043	7106	4997	8806
3516	1797	3820	7468	2227
2464	4576	9028	7467	9885
177	6970	9151	5470	3491
8165	8670	1257	181	4221
5004	3924	1926	2434	304
5317	7192	7038	5525	2299
9274	2288	249	8265	4843
7128	1052	2978	2913	7139
3210	8369	310	4470	703
9828	7700	2206	8931	4380
5333	8194	9976	9062	1485
7529	28	4570	7789	3807
9760	4995	7248	6586	8028
4744	452	9467	8205	8512
18	4057	428	3001	5407
8067	3905	7199	5349	2212
990	4276	9803	6039	1283
6710	9922	583	7796	3484
2022	6039	7556	1791	2923
9539	9576	3587	3169	3995
4587	7945	1158	433	4516
5249	1040	2062	3594	5456
364	6629	9810	1486	4727
9053	9529	174	5540	4594
5095	9339	5147	4732	7062
4151	5357	4961	7403	8303
5117	6768	6975	1013	3490
856	3577	8347	1743	6943
2380	7327	5058	3135	6183
9588	4655	4971	96	6314
6391	8726	6245	4166	2003
5477	9756	1986	6260	5178
9112	3544	7345	4757	6447
5044	6490	4049	4351	7772
5020	46	1065	9482	7786
2028	6449	5491	6211	1345
859	6901	8036	8319	6802
2041	476	3879	6924	2456
2269	7471	7965	5426	3421
8621	7591	5446	7788	2861
5257	55	8142	635	4099
7236	9527	815	1042	380
7295	7209	3626	2924	2973
6077	5685	3306	8433	4140
3987	9088	6966	855	6733
671	199	1499	5915	5233
5879	6782	8265	9994	1367
2135	5517	3869	750	5415
5023	6485	6992	5497	3374
8897	7425	4464	9323	5513
2261	1325	6616	4420	757
5215	6789	8505	6476	2997
4255	4305	6203	1625	9767
1021	2471	7831	2018	5334
8762	7199	1991	5763	275
4899	3675	7087	5834	7595
6013	3898	7847	7186	8983
7430	7190	9889	6880	3783
3854	2302	2050	4400	1741
5558	1224	2795	6403	5874
982	531	3024	2886	7105
1785	5406	1549	6505	6702
3848	7020	7695	3503	6196
5154	9999	6603	796	8619
4751	1292	5965	673	2951
9780	312	9330	1621	2240
8031	4942	3248	7733	4392
3076	7436	1930	82	2050
12	2506	4347	7769	7086
5711	7027	9873	3953	6119
2532	4440	27	560	2456
1003	5902	9446	8465	8978
3252	3309	8418	6522	3827
9807	5838	3721	9616	7108
3652	9344	2388	5553	6955
1801	378	9148	5681	3107
5018	9808	7761	9087	9200
1824	6925	2045	5053	9430
4521	3320	863	255	8931
1851	6006	7224	4321	2531
2895	3073	4807	6760	9321
2780	610	9684	6404	2315
4468	9112	3848	2801	7249
8571	503	4335	2938	6502
8560	9750	1585	9175	5106
8235	2888	618	8645	9600
9592	8477	2339	5966	8782
2827	4039	6146	476	1875
924	651	3822	3574	4262
1105	3162	7446	7885	9412
1174	2036	5629	9227	3024
9008	2132	1266	123	1619
8838	9718	2364	7424	8292
7491	1673	9470	220	5278
8647	3245	6416	496	1365
5584	6672	4251	7252	629
4973	540	6946	5799	609
3258	2700	773	9220	8946
5905	3391	8369	7227	3379
3145	651	9770	7981	6373
4862	298	6013	207	149
9933	9681	7925	4290	5201
35	7630	2188	1831	6260
1829	7560	2756	390	7681
5028	9320	9054	4798	7985
8477	2471	1639	6184	6797
4328	5064	8001	7686	4908
3256	1514	4056	7202	9601
8608	2661	4044	5337	8324
1407	9217	1105	7128	4093
1690	33	9132	3065	4167
8376	2270	2225	4480	6086
8959	4307	5135	4895	5131
4712	912	5851	8780	2573
5479	1876	8936	2517	7213
9045	1540	8298	5801	1305
986	9747	3152	2956	4444
5527	226	3948	9266	9318
5546	7088	1501	2284	1360
5291	5450	3461	7768	1624
4280	9180	4506	1681	3465
9914	6552	7881	962	5664
4123	4051	7409	5907	3790
947	5051	6704	2361	3990
8402	8211	437	2658	6747
1246	2005	758	4090	8931
4644	5617	6256	5288	6285
3024	8185	678	4727	3801
4262	8096	7997	4306	5050
6837	4732	3992	6799	147
5318	3563	2791	7493	1751
1455	7289	4416	9991	903
3678	7409	7075	3560	5233
6962	1836	2801	7938	7989
7094	586	8645	991	7693
5777	1870	5287	5168	7935
3194	332	6608	5504	9349
6021	6415	4791	961	7895
1896	5781	1528	4253	6805
5970	6535	2575	491	4925
6602	8227	8724	5582	7705
8676	7875	3514	9011	1471
8073	7189	199	7159	7377
1430	6339	1744	9816	8703
6982	2848	214	9392	8331
431	4074	8842	9716	3619
9941	2820	4810	3828	9500
6007	3099	189	7685	5643
3513	8659	2339	5758	9632
9783	9558	739	2213	6133
8601	1148	1713	5700	6522
5260	549	4307	4060	8954
5111	2284	3698	5744	6526
5062	4363	5129	248	4293
4401	172	417	4394	2812
3409	3803	529	9736	3791
1146	5363	1576	6274	6988
5706	1772	1951	5270	377
9944	9142	8576	2189	9681
3018	5112	3662	319	1308
8345	2438	1478	8099	3721
4338	1554	4044	2008	4535
3600	4774	2312	3765	925
862	7992	7766	24	2677
5657	9052	717	3323	9246
8840	6636	1848	4386	7853
4049	6652	4029	5515	7323
5054	4212	4082	9020	485
1919	6506	2243	7834	178
5718	5780	5133	7643	9971
4051	5629	2648	7043	1337
1348	6913	7162	8893	5297
8119	1609	4423	6880	7121
5646	9809	1310	9965	4004
8782	9688	7809	3934	3738
1195	3814	1167	7653	6412
7165	3891	2562	4837	7247
1117	2028	9201	3239	7908
3245	3620	84	6289	6533
7873	4226	2422	5593	8364
7630	9802	4814	4358	1065
2394	7142	2440	4642	8068
5312	115	5565	3178	80
1971	969	5037	3118	4973
6473	8902	8909	592	8876
3605	3460	9582	7081	5778
2491	3307	3192	9592	5563
9954	1186	5868	6482	3195
2664	7903	8722	2918	2303
3377	6667	7339	397	3829
7632	6493	2916	113	9288
2027	179	2213	691	7679
8972	5194	9583	3781	3233
8953	6368	4877	2366	6226
4252	3706	1613	5430	1199
8904	1959	4928	8737	2003
5798	7598	7017	4447	428
8519	6795	5027	5099	1922
1946	1345	6105	5455	5505
6862	8122	8350	9075	5402
7760	5446	9976	1248	372
1781	4937	9413	5466	984
1028	4521	1894	6907	4592
9083	9972	7578	356	4699
2578	5706	6023	3850	11
3479	5051	8226	1373	7136
1191	4549	1536	2170	7517
8167	5841	4099	8913	9005
5507	6333	2024	8693	2077
6515	2210	8507	5736	4968
2248	2371	8600	3785	8522
8237	3947	8513	6698	9469
4770	2792	154	1226	9169
4322	7393	6295	4660	1467
8615	9080	5211	6021	5977
7774	7526	8843	7626	5654
2092	1197	9606	21	930
8916	7061	7331	2422	1861
4569	9045	4299	1064	279
7029	887	1109	51	4606
8611	6682	3558	555	5363
2345	7010	9628	2889	5795
3652	8673	5774	848	9690
7691	9810	2093	6807	5050
3334	8551	5818	9193	9545
5812	6794	4193	5673	9261
6818	348	2396	2577	6026
8554	4240	4606	1546	5279
7010	3128	5478	3830	3394
3366	5497	2436	2742	6381
8397	6097	525	7913	3363
859	6240	4018	5660	4963
8607	2381	8190	7074	5446
3886	8911	643	3226	733
766	9731	6701	5567	96
25	1487	4793	3226	4142
9476	8344	6823	4507	39
6747	622	7887	8568	3057
9647	684	5995	1497	2621
996	3722	3919	6282	5711
1449	215	658	6184	2828
8908	2075	7219	6227	2520
9405	2067	7747	7938	5774
4253	9523	9628	5384	9745
7664	5871	5470	7878	996
2792	1811	6609	322	507
1954	1474	5072	2682	3990
6845	3250	2015	1255	5696
6740	2756	3422	4348	9265
6756	4845	5413	2145	9948
6022	2498	2468	141	2186
1859	7409	9608	9541	7457
3313	1527	3286	3471	7175
4772	5965	4837	4529	7573
3711	3996	3305	4580	9378
4550	86	5545	7986	1354
8278	553	6880	8200	4368
3752	2129	5820	8364	5555
4928	6158	9029	3330	6539
7310	7652	4367	9864	1375
9901	9912	7106	336	7462
3456	5343	5585	6937	4054
2233	9326	2717	6217	6762
36	7902	8585	8866	5211
6405	898	9909	5319	5903
5929	313	58	4471	825
6193	7447	9350	3296	2683
8927	2978	2603	2554	8950
5862	8799	3329	215	886
3122	7422	8512	7661	626
1527	2917	8801	4621	2532
3408	9222	5496	6523	6783
1279	9249	3353	212	7344
9101	2271	1058	9914	6767
2473	9694	3430	1422	957
8795	2398	6995	6958	3359
2348	6784	339	239	9345
7920	1431	3370	5904	3969
186	6478	5763	4372	7220
7412	4024	3846	2635	7748
3059	458	2878	5376	5182
834	1869	3212	7559	6978
3344	8988	5715	2411	4324
3820	3624	6728	2598	8593
4956	4137	7754	3046	3459
3149	4585	6640	2864	8182
6559	4907	5939	4154	2762
7047	6565	4144	7272	136
361	814	6294	4059	5979
5059	6466	5900	9647	1
8004	6760	8231	237	6199
4930	3016	213	8425	6892
1222	7931	8646	4040	9926
9342	550	2395	185	6146
7551	9252	2946	1771	2213
3885	4981	6661	4446	8006
1684	2315	5599	2791	358
3409	1404	3438	1000	2180
6759	1656	2696	358	8667
600	8024	7789	5039	1835
5399	7495	5049	3388	3002
1788	716	9884	6027	809
9939	1367	6613	8601	2179
8198	3953	5719	8221	8056
8119	3325	1321	1551	7321
6577	3343	1571	3917	2566
1297	8374	529	7500	1969
6697	5079	1650	9985	1017
8467	7625	3599	4812	4048
7231	4345	2725	3512	1079
4954	4925	4370	8677	9575
6794	5549	1874	4307	3004
1202	5398	291	8915	725
6117	6019	8833	9388	7795
3115	9968	1921	7981	9521
8606	9529	1987	3442	4597
5383	4279	7500	5324	8514
1529	2326	3408	8788	2984
6674	9147	9115	7203	5441
2613	5165	3410	7966	9337
9970	1313	7850	9292	9812
5071	5783	9364	9339	7459
9030	5066	7330	1150	8957
8787	8973	3124	3686	2713
5148	9827	1135	1387	2131
2003	2603	55	96	9901
5773	5769	2999	9358	6315
8951	6469	1238	8652	6973
212	1053	3266	6584	8307
9369	1677	9895	3025	5863
3139	1603	1532	1407	5925
5021	8828	6651	3188	4862
2219	4056	6585	3129	2700
3888	1548	7862	1822	847
1445	2998	919	2165	7585
3624	8754	9139	1035	6988
4594	9399	3427	1434	6118
2457	9124	5594	730	2939
8966	4270	8613	6996	2293
3763	7891	1138	4561	7981
1238	4115	3202	292	2743
6008	203	3797	5404	9450
5858	7218	1752	4351	7565
2693	6652	331	6425	591
3145	6913	3374	5091	542
183	4015	9317	9559	4613
8661	5889	4953	201	9376
8640	5816	1286	4343	115
4207	2661	1634	6637	1790
296	8692	8249	8188	6494
4765	3434	9461	1113	6040
3563	47	9547	6155	8130
5313	9432	8768	9931	6371
6764	7968	8614	8840	2739
7912	5017	1643	5613	3089
1900	8811	9764	472	373
5644	8004	8318	2089	3414
2537	5293	1402	3921	9774
8074	3658	7941	4687	3957
2657	449	2808	5170	3255
2637	9026	1790	8588	4996
4984	2917	7134	9711	7357
1070	6717	8522	2503	8480
2907	7530	8502	3330	7906
2550	7347	4035	1929	5613
4713	9672	2110	790	4289
9831	4677	8325	5275	3807
4061	2042	3733	3854	4546
9349	4470	1016	6627	3984
4148	4012	228	939	2418
5088	4564	6909	9816	9772
6253	2894	8676	6588	2544
4495	7049	5602	7938	452
6544	9113	4514	2492	584
105	1748	8180	1081	3814
232	5785	5718	6742	7415
7958	4742	7673	771	5669
4256	2586	2772	3172	3855
1645	345	3860	443	3150
7638	2509	3371	6556	6129
2488	4588	1475	2542	8224
4623	7349	7021	5068	9552
5642	6280	6552	6720	3412
7020	4096	2654	337	1710
850	9695	1317	2952	6514
7920	41	9022	7514	3933
6577	9185	7413	7825	7107
4414	8185	9792	1783	2974
4895	6117	2928	5676	1360
5713	1633	7598	8136	8342
5153	6528	4963	7592	1566
3476	359	2566	4555	9124
2833	4082	1802	2940	3451
6187	8417	4171	7813	9133
2208	8438	6551	9547	8938
8626	7643	9702	6946	963
6880	7983	1682	6178	4272
2198	4610	990	7878	4978
9201	3698	8836	4764	2228
8243	3116	1681	1377	5394
6837	9104	4668	9984	2060
4934	5218	2336	4530	2522
8427	5313	2748	5959	4379
7100	1539	9616	1775	668
1712	6904	5593	568	315
4488	9522	540	4433	6028
8901	6170	3046	7330	6601
2178	8309	8047	2851	522
7625	1148	5574	2804	7172
8301	1343	1896	4005	1897
1901	8207	7982	7518	1700
1509	4784	3834	1964	3838
3100	6239	3393	2673	1323
9281	6275	6040	2122	4940
3546	4133	7369	2862	8325
8834	7297	9686	6782	7276
1113	7098	535	7026	8479
5567	6992	1275	24	8088
2622	5133	8426	6052	7929
8927	7415	1143	4500	3839
120	6318	331	7562	3625
3218	6706	1151	8221	7555
8011	8	9207	7057	7276
1353	4282	4160	9151	5546
7732	3400	8376	8690	5394
7589	8288	362	2696	4136
4519	4714	3797	7800	4997
3642	757	1525	2217	5146
2482	2175	678	3241	8523
3910	4887	3471	9974	1145
6166	1265	9153	9854	3076
3049	9231	6996	293	5159
4712	7174	9784	6738	1725
9651	9646	3798	3831	7386
6449	3075	1038	8836	3753
3476	9276	2814	4694	1652
6164	7478	5913	8021	9383
2347	7490	6816	3757	7869
688	4742	3764	9735	7108
2103	2534	4116	3364	3064
5656	8720	8358	8206	3522
9221	6626	5985	1701	707
1483	5463	821	1652	7230
1557	2119	7365	2345	5586
8390	3250	4945	9260	3740
1804	9905	5287	2077	2201
979	3509	3446	2032	3790
3493	4651	7712	5574	2590
2619	9905	9487	6583	1508
2872	6254	145	7269	3545
5254	5696	8701	8027	4096
6818	3675	5609	7257	3893
9831	5505	2659	6922	3775
397	973	404	6661	2473
2429	2511	4649	3677	5743
3974	9882	3793	1401	1553
213	3739	7270	1429	6119
2578	3876	3435	8751	6097
2165	9832	2360	9776	3795
6110	4796	8398	3524	7237
1956	5303	4379	1909	1481
6673	714	2484	2619	4162
8360	7001	8762	294	6737
3085	9483	4838	9282	9674
2917	5148	1805	502	5620
6369	4288	995	2002	3345
8698	9726	6395	3238	3086
9927	6432	504	7647	8306
3624	4431	6633	2628	1359
5119	2320	5525	4384	8783
2756	3326	5499	7949	2295
1545	743	6125	5026	6462
6463	6911	3291	9077	4413
9452	6155	29	7606	5531
3453	1878	4662	6004	4967
5131	1409	666	9004	9547
7557	7060	5106	2548	4862
7311	4532	5986	7238	4356
290	5993	8118	8739	3614
5316	9562	5440	987	4734
1736	2117	9558	9073	8153
5639	8968	6253	5482	8216
2961	7971	189	364	9926
1422	9643	5208	8865	7905
5872	1861	5066	5198	9559
7759	4259	4095	9378	2469
6989	3962	3133	5112	3154
4253	5325	930	3202	7889
8571	1420	1243	6941	9432
2975	7174	3733	7172	9665
2034	5772	8774	3193	2451
6083	2011	8858	7182	2158
1096	8104	1178	3472	7620
2955	6139	6386	2891	5768
2266	6159	7633	5850	2206
9230	8599	2284	3357	1446
5106	5004	7096	4614	2710
5532	2076	1612	2938	2920
1902	4068	8311	4351	2158
1451	6169	6157	3749	2268
9028	6418	9709	2887	779
6629	3055	1481	1889	3066
439	3833	8478	7031	3129
7017	9221	8892	6486	2014
7173	3125	7088	6931	6490
2256	6157	2237	5631	1028
4603	4828	2818	6309	8946
4023	3121	9916	5103	5414
2293	9194	8117	4658	3786
5671	8199	9832	1535	5022
591	3642	4745	5944	9100
4492	9542	1514	5498	3399
9063	2119	7287	2454	8273
3295	593	7011	6892	735
8242	26	4293	4667	4811
4134	2645	1927	7326	8943
1318	5105	6945	593	718
8002	2509	39	9191	437
5680	5376	3594	6133	4432
1725	3960	2562	3236	6209
6341	1916	7432	1614	1232
224	999	1596	6316	9886
2544	2057	2662	1498	5678
1782	4550	7408	4527	3302
5051	1487	9570	4353	8090
7543	4181	3134	6335	6619
5076	5150	5681	2169	3443
4149	7774	7566	3874	1915
1309	100	1861	4372	2786
3209	3209	2965	503	8239
2401	7753	4339	278	4927
8472	1851	5362	6866	9238
9971	7203	6420	5593	2272
2979	5087	8180	7237	7201
300	3317	5618	893	3037
3155	1036	3446	3431	8141
4434	6855	6833	377	2667
4257	2305	659	7084	4748
6688	487	260	1031	6469
5036	1915	2651	2290	7879
8724	5616	4900	5045	7364
5532	8888	7377	8725	3767
7376	8977	8370	6695	8936
1729	1944	9586	7485	9023
3679	3004	8175	877	6109
7918	5704	3892	6484	19
8394	1776	2115	69	219
3360	2179	5765	6653	3141
2034	2039	42	1956	4838
6404	4646	8372	573	8955
6026	7960	7566	5884	2655
7609	5509	443	8832	7905
6972	9118	6410	4761	6985
4540	1810	216	2088	428
9357	4681	8028	7113	1006
1058	4103	7671	1951	561
1732	814	1194	1515	8648
4446	2347	685	3804	9499
705	1785	1676	2987	3995
8130	9804	5235	2355	9629
7438	5406	5530	9215	7278
4392	7099	1254	4172	4264
1057	1832	8231	2643	34
3668	5881	7703	5548	902
8338	6597	9390	7766	822
7843	2098	1333	9288	1929
7158	1570	9366	6999	7926
1412	1244	3586	8931	1011
192	2775	2601	9427	5783
3217	8648	6688	4696	8203
4645	1373	1783	7463	8711
4848	3928	9941	7133	6011
3144	5830	7192	8736	366
5863	4303	5878	1148	5306
6945	1452	7764	3355	6107
7048	8262	8033	4762	7771
3132	3200	358	1890	907
5065	1701	7916	2382	9317
3502	5519	4475	8788	4224
6122	2212	6337	3274	9894
2391	2191	8132	8167	7486
4927	7629	4344	3333	1647
4583	9206	9256	8282	1389
7463	7476	1977	1029	8886
2318	4082	9112	5737	1260
1236	2189	6766	9984	4423
1010	2755	3122	8843	4009
706	1746	3356	2844	7210
6194	2427	8651	6819	5016
9350	5792	5336	875	4851
7791	8836	5278	7332	8173
8351	3868	1335	7377	8127
712	1387	6220	3699	8687
2121	1881	6803	8851	3465
4488	2407	44	8317	8579
4835	7393	2084	2824	1434
9537	7401	9697	7021	4319
8763	4982	7635	9092	5148
3652	7209	9950	6754	2330
9894	1691	7956	9976	8405
7757	9355	8711	4870	6797
8544	6681	9426	8232	6314
5846	9644	3317	7905	6998
9199	3382	1658	2145	2060
4160	735	8918	1862	4221
7985	161	9414	3398	4722
9851	221	4569	5257	9170
8204	8807	7281	5371	8199
1901	1451	2327	170	2190
1860	3300	5459	4517	928
9402	1384	8946	4193	7250
986	3290	4659	7350	975
1311	1032	9667	9144	3596
2248	754	1366	6290	6595
3699	1187	3845	5923	6212
9534	1145	6349	2077	2397
972	1036	436	3148	5306
2596	3195	5856	7413	2878
9241	1695	2908	9120	2100
3069	5533	7516	4548	8338
7886	9342	929	2831	7134
777	3561	5364	9887	463
3010	8699	9578	5616	5647
5857	2989	270	7886	6991
2125	7226	2397	8900	6053
4218	3894	434	7548	4003
3287	2270	8681	1240	290
4736	8379	4187	4250	3019
6668	3667	2376	4535	7902
1347	5067	4878	6496	4527
3822	7284	2392	12	1958
508	4182	8988	784	3211
7225	6414	8396	1373	9887
8536	538	1146	5155	7889
278	431	2401	3193	9053
2235	87	5562	4103	1083
2662	8087	5985	2190	1418
6049	898	7764	4544	3304
5211	6739	1765	7590	2601
5720	7563	8636	1876	8697
7400	9981	4063	3048	6521
2030	1142	1149	3431	5134
2526	1032	7367	6090	3091
8474	4370	2976	1444	7565
498	3195	7167	9515	6656
2360	9134	3395	7466	4855
4487	4953	7831	6107	5909
4578	6953	7688	1574	3496
1931	453	4961	5349	4585
624	2859	2037	1595	8027
9607	6361	7622	7081	1715
1786	7408	4909	9862	9000
2635	5591	4882	7794	7825
419	3862	2281	3576	6921
9697	506	2591	5350	9531
6319	2758	2479	6399	6445
2389	6896	1234	5854	4965
5973	9176	2039	1075	5592
4035	2112	6734	1553	2965
5878	2795	4229	3507	7708
8810	3350	2736	3033	3812
8605	7709	6822	8837	270
6485	2728	8266	9016	7132
1993	8885	6381	858	4947
4488	5329	5726	588	3266
2038	2858	7619	7272	9566
4217	4101	1945	9766	6945
7491	3745	7383	7268	7566
2291	1052	5922	4693	1764
8027	8030	3614	6379	5718
826	9131	194	4434	9147
6581	8462	3285	1891	5937
5060	5383	132	9200	3629
839	2469	2804	3387	1336
522	2239	140	3410	4217
8013	5896	9406	4231	1869
6164	5455	5510	6276	4944
5899	7480	8715	7707	4215
9418	2525	9359	7687	9233
968	1940	1534	4403	8290
1417	2389	1193	9961	7407
9750	1520	7814	7440	2046
463	6601	2478	1585	5338
1257	9080	220	1826	387
8181	1110	5388	4072	5032
6483	505	7790	8175	1434
5641	913	4162	2924	8007
9518	1561	7379	5485	5107
9462	2531	5161	6770	9022
1387	2699	2643	6520	911
8297	8279	7454	5064	7009
5183	3783	1688	4262	2102
5735	2624	8694	7286	2900
7435	8097	8177	654	4353
1605	4100	9872	9549	3522
1559	2066	6425	6932	6655
4003	7606	4840	5408	5804
8414	8580	9030	6941	9159
4690	9473	1001	317	7931
3383	4563	2849	8505	3993
6207	7979	9366	263	4271
5641	4224	7035	7201	8074
68	574	1388	5762	3909
2883	5078	1284	6324	1916
7093	7099	4684	5768	5885
3076	712	6177	2817	2851
1853	2573	6799	9488	8693
7196	5634	7006	3855	2237
378	5966	334	9956	1687
4143	6071	386	3775	921
3288	5375	5725	6324	7574
8862	5307	9993	5146	3972
7354	8475	8804	721	4672
2891	4681	1409	893	7249
8939	1359	1845	3609	3104
5101	6605	2926	6740	9306
2621	8738	4518	3261	3426
3860	428	5453	7920	2264
8120	6391	7013	4070	8566
5113	4680	9097	3344	2953
1882	7459	5156	9994	8317
8238	8783	318	416	7028
854	8899	7184	2794	4272
9162	7252	7784	201	1975
3974	8698	6000	7437	2832
5395	2183	4462	9761	8167
5901	4775	5733	3867	3092
5943	9772	8405	3459	5777
2545	8561	7304	3726	6755
7514	7718	8902	8590	2044
5577	837	4182	1115	6999
3696	2642	1580	9012	2080
9076	3073	2713	6381	5496
6436	5657	90	7188	9524
3821	6863	1050	6388	1219
7533	2541	4188	432	4599
623	1415	5915	8623	9215
2053	4200	8417	968	7297
2635	6800	2980	1294	493
2051	7660	8390	6990	6479
593	7618	7933	1720	6464
5804	5134	625	2402	1730
6819	9729	9192	5120	2414
1033	6723	1896	1755	4714
9776	150	7106	1967	7157
9240	3131	6426	1268	8834
194	8463	1781	633	2301
9100	1974	1965	6253	2212
3681	7775	401	649	7716
2510	6385	6028	845	8345
3687	6783	2191	5868	8320
7338	155	5543	3729	1662
5119	8327	4929	7736	954
2671	9479	6337	8340	4478
224	9431	6738	5536	5469
2933	5909	6516	9053	7304
7978	2105	6009	3757	9804
1785	6145	537	1163	880
6709	1398	6501	3524	982
4532	9170	5312	2650	8877
401	1459	7017	8199	2867
2060	8132	3710	4658	7145
6078	7722	6969	7612	6150
8717	4641	1001	380	8696
4806	906	2602	1592	7714
9103	6422	2643	5824	6549
8962	9366	2417	653	52
5452	2730	8979	3111	2029
4399	10	4323	5768	6132
2111	5281	4500	7974	2929
1167	5813	194	1070	3117
5817	9199	218	9730	5765
9756	9006	5283	4143	522
411	7474	6261	5766	3758
1651	5317	9592	5422	9876
1733	7526	4797	6757	9931
6351	3918	6443	337	8754
3513	1205	802	6917	7421
5225	6708	2087	4717	6255
6384	6422	7015	3430	8589
1311	8999	2983	1992	4562
3633	4086	8316	8992	4046
6605	6667	2597	56	1553
4089	2162	30	4714	6744
9120	3440	9474	6400	3408
6262	2136	3582	868	7286
1832	7205	1862	2142	198
6479	9918	2205	1261	5453
6540	4464	3562	5388	7592
8201	2131	8082	453	5472
89	3854	7823	5387	5187
1673	2309	9571	7551	3157
2737	8752	4722	9138	8058
907	9677	2900	9653	6814
6941	7592	9177	3989	1376
5060	5356	186	2335	3384
3870	2500	7794	1875	5985
9495	3682	7571	7465	6393
3468	4138	509	3339	8625
86	4259	655	6700	9332
2323	6132	1173	445	6457
7620	3081	8090	2529	3089
7394	6021	7877	4724	4147
2710	988	2835	8746	709
5554	8877	6162	4451	2414
6076	3361	319	5191	716
9013	6678	8198	585	7067
9046	428	6662	7059	6844
9771	6083	3460	4109	6731
2085	8748	7596	6489	6527
7566	4414	2921	9484	9972
7640	2210	529	7972	4891
7830	259	9594	3435	9167
1923	1054	9058	8693	6538
239	9366	673	6703	1387
6092	7645	1588	1567	2653
8921	9135	1764	72	8267
71	6608	2331	9168	6653
4182	2623	6980	7336	7862
5971	7704	95	2259	7221
5405	2675	7759	3471	8498
8921	3664	4206	9002	6237
3895	3804	5393	1291	5743
1729	2605	1767	7175	3235
572	7795	9447	4252	1026
5271	6921	4315	1348	8293
7684	5594	6196	9435	3146
5416	8356	8753	2305	8473
6775	6809	6522	8240	8209
327	9253	6167	7588	7174
9749	6923	2725	7454	8940
3747	7561	7708	3232	9361
9954	4648	6144	9802	2439
950	5022	5946	318	6256
1346	2460	698	4369	108
9542	7097	734	6001	4372
2194	3006	5905	4282	2163
4684	9237	5596	4440	1922
4678	7742	326	8	7938
9854	9787	7912	8594	6717